 1.63  101.67    2.22
 1.48  103.16    2.31
 1.64   96.68    2.26
 1.50   99.94    2.29
 1.43  104.42    2.21
 1.41  102.00    2.28
 1.63  102.52    2.19
 1.50  101.09    2.28
 1.53  100.35    2.28
 1.20   92.70    2.46
 1.40   98.11    2.36
 1.82  108.43    2.07
 1.60  103.38    2.14
 1.64  109.91    2.11
 0.98   85.93    2.68
 1.50  104.97    2.21
 1.38   97.06    2.34
 1.51   99.54    2.31
 1.49   97.79    2.33
 1.79  105.81    2.13
 1.34   85.87    2.57
 1.49   98.25    2.30
 1.32   98.62    2.39
 1.88  107.83    2.06
 1.68   92.26    2.39
 1.05   69.78    3.08
 1.77  105.47    2.11
 2.31  125.77    1.67
 1.99   96.05    2.24
 1.72  105.38    2.16
 2.37  107.93    1.83
 1.58   98.07    2.24
 1.66   96.38    2.25
 1.10  102.98    2.42
 1.76  102.19    2.10
 1.58   99.73    2.24
 1.37   95.04    2.37
 1.62  103.41    2.15
 1.51  100.81    2.27
 1.54   99.40    2.25
 1.22   94.22    2.53
 1.90  102.52    2.05
 1.33   97.95    2.36
 1.50   96.30    2.30
 1.54  100.74    2.28
 1.81  107.21    2.06
 1.63   96.51    2.31
 3.14  145.74    1.12
 2.27  118.47    1.76
 2.19  117.87    1.86
 3.39  194.97    0.89
 3.19  231.38    1.14
 1.57  106.42    2.21
 1.70   99.15    2.19
 1.39   96.28    2.35
 1.49  104.54    2.22
 1.53  101.83    2.24
 1.55   99.81    2.23
 1.44  103.80    2.27
 1.69   95.76    2.22
 1.30  101.23    2.35
 1.60   97.62    2.27
 1.32   97.90    2.34
 1.58  100.01    2.26
 1.64  101.92    2.22
 1.54   94.82    2.30
 1.26   99.93    2.36
 1.88  112.10    1.94
 2.01  112.96    1.94
-1.79  268.07    2.32
 2.93  249.22    1.48
 3.45  188.98    0.80
 2.99  233.84    1.30
 3.37  213.81    0.91
 1.99  113.11    2.01
 3.00  227.09    1.25
 1.95  112.90    1.94
 2.04   94.20    2.13
 2.82  253.30    1.60
 1.94   95.31    2.17
 1.73   99.17    2.23
 1.63   96.22    2.26
 1.37   98.03    2.32
 1.06   97.76    2.48
 1.69  104.77    2.11
 1.62   99.56    2.21
 1.44  100.76    2.28
 1.66  107.13    2.15
 1.93  114.32    1.95
 0.57   77.50    3.08
 1.90  102.72    2.05
 1.85  117.13    1.98
-2.10  236.82    1.82
 1.15   88.57    2.53
-1.73  275.48    2.44
 1.56   98.37    2.25
-2.15  251.35    1.91
 1.91  117.61    1.90
 3.26  175.19    0.99
 3.33  230.33    0.99
 3.06  227.68    1.24
 0.93   81.49    2.86
 3.24  227.21    1.05
 1.68  109.75    2.07
 1.33   99.49    2.36
 1.54  101.43    2.23
 1.48   98.15    2.35
 1.49   93.77    2.36
 1.60  102.47    2.22
 1.65   99.33    2.19
 1.44   97.94    2.38
 1.62  100.18    2.25
 1.64  103.91    2.17
 1.05   83.19    2.71
 1.80  108.74    2.06
 1.32   93.29    2.50
 1.64   87.34    2.47
 1.51   87.60    2.48
 1.53  100.83    2.24
 1.49  103.64    2.24
 1.45   94.65    2.35
 1.58  103.45    2.23
 1.50   98.30    2.29
 1.55  106.00    2.19
 1.27   88.23    2.48
 1.46  105.46    2.22
 1.51   98.88    2.33
 1.60   98.31    2.23
 1.39  100.37    2.33
 1.38   95.35    2.42
 1.69   99.87    2.21
 1.36   91.95    2.44
 1.60  105.85    2.19
 1.38   96.27    2.39
 1.51  102.44    2.27
 0.94   85.44    2.74
 1.86  108.72    2.04
 1.53   95.89    2.30
 1.34   98.32    2.40
 1.89  115.35    1.95
 1.99  109.42    1.98
 1.51   97.24    2.32
 1.46  100.71    2.28
 1.48  104.57    2.25
 1.51  102.95    2.26
 1.48   98.05    2.33
 1.60  101.32    2.25
 1.65   99.75    2.22
 1.32  101.82    2.34
 2.28  130.13    1.68
-2.02  247.14    1.94
 2.91  229.09    1.37
 2.73  255.16    1.67
 1.84  110.84    2.05
 1.57   92.00    2.33
 1.39  100.31    2.34
 1.59  108.32    2.14
 1.47  102.20    2.27
 1.30   88.97    2.55
 1.69  106.98    2.13
 1.64   99.78    2.22
 1.26   97.41    2.43
 1.31   96.92    2.35
 1.16  100.73    2.41
 1.93  104.85    2.02
 1.26   92.02    2.54
 1.73   99.63    2.19
 1.35   96.97    2.36
 1.23   98.35    2.41
 1.64  102.16    2.19
 1.53  101.75    2.25
 1.67   94.18    2.37
 1.24   73.61    2.85
 0.32  282.63    3.11
 1.66   89.32    2.40
 1.50   93.07    2.39
 1.64   98.92    2.28
 1.64  101.53    2.18
 1.33   99.27    2.35
 1.40   98.51    2.40
 1.73   94.93    2.23
 1.49  104.58    2.26
 1.63   96.68    2.32
 1.46   86.46    2.60
 2.11  102.98    2.01
-1.51  246.24    2.18
 3.18  229.73    1.13
 3.11  244.45    1.28
 1.61  107.15    2.17
 1.62   91.94    2.34
 1.50  102.94    2.29
 1.65   96.05    2.27
 1.35   97.09    2.35
 1.44  103.60    2.26
 1.24   89.70    2.51
 1.68  101.49    2.23
 1.56   91.25    2.37
 1.65  110.94    2.11
 1.11   86.72    2.71
 2.00  100.86    2.05
 1.71  118.11    2.03
-1.82  247.02    2.05
 1.12   95.40    2.46
-1.70  274.27    2.48
 1.49   96.57    2.33
-2.16  253.25    1.96
 1.78  111.79    2.03
 3.42  179.56    0.86
 3.46  175.15    0.82
 0.71   67.63    3.45
 2.55  108.50    1.75
 1.99   98.56    2.11
 3.54  196.56    0.76
 3.13  246.13    1.32
 3.28  185.37    0.94
 2.91  240.82    1.44
-1.97  246.18    2.00
 3.01  119.62    1.41
 1.67   90.82    2.43
 2.05  111.86    1.94
 1.69   95.88    2.38
 1.96   95.17    2.15
 1.21   92.05    2.59
 1.78  107.46    2.05
 1.48   99.02    2.30
 1.34   99.37    2.33
 1.43  101.71    2.31
 1.54   97.99    2.29
 1.64  102.18    2.17
 1.27   90.76    2.50
 1.21   91.59    2.53
 1.80  105.54    2.10
 1.60  102.18    2.20
 1.28   93.10    2.45
 1.57  104.10    2.22
 1.52   95.47    2.32
 1.46   99.88    2.33
 1.60   96.92    2.25
 1.32  101.87    2.32
 1.70   95.30    2.26
 1.54  101.66    2.27
 1.32   90.03    2.48
 1.42  104.59    2.22
 1.06  106.00    2.35
 1.59   97.33    2.25
 1.44  105.82    2.30
 1.86   87.52    2.35
 1.75   92.44    2.30
 1.46  103.56    2.28
 2.10  103.07    1.97
 1.43  101.27    2.33
 1.61   98.67    2.24
 1.62   98.33    2.24
 1.51   97.58    2.32
 1.29  102.09    2.34
 1.50   99.30    2.26
 1.46   98.38    2.30
 1.46  100.09    2.30
 1.18   87.25    2.57
 1.50  101.31    2.27
 1.88  114.91    1.90
 1.34   94.08    2.42
 1.74  114.93    2.04
 0.88   83.40    2.73
 1.53  107.73    2.16
 1.24   95.19    2.42
 1.56  102.91    2.23
 1.49   95.54    2.35
 1.75  107.04    2.11
 1.36   84.58    2.58
 1.51   99.18    2.25
 0.97   96.76    2.55
 2.09  113.89    1.87
 1.77   92.39    2.34
 0.82   68.61    3.23
 1.79  101.73    2.12
 1.68   98.98    2.25
 1.40  103.76    2.27
 1.52   93.11    2.35
 1.56  101.50    2.22
 1.43  100.58    2.29
 1.57   98.40    2.26
 1.50  104.64    2.21
 1.39   97.76    2.36
 1.69  101.27    2.20
 1.39   96.60    2.33
 1.68  102.15    2.18
 1.42  103.58    2.27
 1.54   97.68    2.28
 1.34   96.94    2.43
 1.81  102.88    2.11
 1.38   98.75    2.32
 1.56   95.79    2.30
 1.47  100.86    2.30
 1.82  107.83    2.03
 1.56   94.95    2.34
 3.12  144.94    1.14
 2.27  118.77    1.75
 2.22  121.97    1.79
 3.42  189.11    0.83
 3.14  231.79    1.17
 1.55  107.59    2.19
 1.71   98.64    2.20
 1.38   95.79    2.36
 1.51  103.57    2.22
 1.54  102.85    2.21
 1.57  101.58    2.23
 1.36  102.23    2.30
 1.64   93.85    2.25
 1.35  102.81    2.29
 1.62   96.39    2.27
 1.37   98.80    2.32
 1.47   97.14    2.35
 1.73  104.64    2.13
 1.53   94.10    2.35
 1.25   99.26    2.36
 1.82  112.21    1.95
 2.18  119.92    1.79
-1.88  266.81    2.25
 2.99  240.30    1.35
 3.25  194.87    1.00
 1.90  108.68    2.07
 1.98   94.95    2.19
 3.51  240.37    0.82
 3.19  159.02    1.07
-2.62   76.63    2.28
 3.45  187.17    0.79
 1.53  105.43    2.24
 2.26  110.61    1.84
 2.65  261.24    1.84
 2.00   98.06    2.08
 1.62   99.83    2.28
 1.52   95.21    2.34
 1.33   96.26    2.37
 1.20  101.93    2.34
 1.74  105.10    2.11
 1.50   96.25    2.34
 1.45   95.86    2.34
 1.91  116.62    1.94
 1.84  112.53    2.00
 0.59   78.42    3.04
 1.90  102.35    2.04
 1.84  117.79    1.98
-2.07  237.50    1.84
 1.16   88.81    2.53
-1.75  274.67    2.41
 1.54   97.96    2.28
-2.13  252.95    1.94
 1.97  116.84    1.88
 3.30  174.99    0.98
 3.37  231.15    0.93
 3.09  227.37    1.21
 0.87   80.62    2.90
 3.19  228.14    1.09
 1.67  109.68    2.09
 1.34   99.03    2.35
 1.57  101.51    2.24
 1.45   97.43    2.36
 1.51   93.43    2.37
 1.60  103.36    2.21
 1.65   99.28    2.20
 1.45   97.95    2.37
 1.62   99.31    2.26
 1.64  104.38    2.17
 1.05   83.54    2.71
 1.81  110.02    2.04
 1.31   92.79    2.52
 1.61   86.99    2.49
 1.50   87.79    2.47
 1.55  101.70    2.24
 1.43  102.55    2.27
 1.48   94.70    2.35
 1.61  104.35    2.20
 1.47   97.82    2.31
 1.59  106.21    2.18
 1.29   88.11    2.48
 1.46  105.77    2.22
 1.51   98.85    2.32
 1.61   97.84    2.23
 1.47  100.48    2.30
 1.34   96.29    2.43
 1.65   96.84    2.26
 1.37   93.61    2.42
 1.55  102.58    2.23
 1.30   96.87    2.42
 1.59  102.00    2.23
 1.39   96.05    2.38
 1.66   99.30    2.23
 1.38   99.39    2.38
 1.47   97.10    2.34
 1.70  104.97    2.18
 1.95  106.52    2.04
 1.53   94.58    2.33
 1.39  100.81    2.31
 1.54  106.71    2.19
 1.65  104.97    2.18
 1.55   99.14    2.30
 1.62  101.47    2.26
 1.68   99.85    2.22
 1.34  101.53    2.35
 2.30  127.85    1.67
-2.32  245.88    1.82
 2.95  226.41    1.36
 2.92  257.90    1.59
 1.89  113.71    2.01
 1.45   91.29    2.41
 1.33   93.11    2.51
 1.65  106.53    2.15
 1.43  101.08    2.31
 1.34   91.33    2.49
 1.64  104.17    2.19
 1.65  104.62    2.14
 1.35  102.64    2.32
 1.53   96.16    2.24
 1.26  102.97    2.38
 1.62   91.61    2.34
 1.40   97.33    2.44
 1.74   99.85    2.14
 1.09   96.15    2.47
 1.22   97.87    2.38
 1.51  105.52    2.18
 1.60  103.01    2.22
 1.61   91.98    2.41
 1.31   75.43    2.79
 0.39  283.35    3.14
 1.67   89.43    2.39
 1.52   93.62    2.39
 1.66   99.18    2.27
 1.60  100.61    2.22
 1.29   99.78    2.37
 1.37   99.10    2.41
 1.81   93.55    2.21
 1.48  102.25    2.29
 1.60   94.54    2.37
 1.67   88.55    2.44
 2.06   96.54    2.16
-1.70  254.91    2.19
 3.26  234.52    1.09
 3.11  243.43    1.28
 1.47  105.43    2.27
 1.80   94.77    2.16
 1.46  102.67    2.29
 1.69   95.91    2.27
 1.32   96.96    2.35
 1.47  104.07    2.25
 1.23   89.82    2.53
 1.64  102.18    2.22
 1.55   90.45    2.39
 1.65  113.16    2.08
 1.13   85.75    2.72
 1.97  100.99    2.05
 1.73  117.53    2.02
-1.85  246.15    2.03
 1.17   96.27    2.41
-1.66  272.96    2.46
 1.47   97.15    2.31
-2.09  254.03    2.03
 1.46  108.15    2.22
 3.37  187.93    0.88
 3.32  161.54    0.91
 2.92  236.24    1.38
-2.64  222.99    1.44
 2.08  113.32    1.88
 2.60  253.62    1.74
 1.78   96.10    2.31
 1.95   94.21    2.23
 2.92  238.57    1.37
 2.80  173.21    1.32
 2.99  132.71    1.31
 1.53   87.63    2.51
 1.80  105.26    2.16
 1.74   90.37    2.41
 1.92   88.07    2.22
 1.23  101.77    2.38
 1.63  104.12    2.17
 1.49  108.79    2.16
 1.69  110.51    2.07
 1.43  102.29    2.24
 1.28  102.26    2.37
 1.93  106.43    1.99
 1.33   94.27    2.40
 1.14   91.51    2.58
 1.72   99.75    2.20
 1.72  103.13    2.13
 1.19   92.35    2.50
 1.55  104.57    2.21
 1.57   95.14    2.30
 1.48  102.33    2.25
 1.60  105.82    2.16
 1.39   90.20    2.55
 1.80   97.61    2.19
 1.42  104.46    2.31
 1.75   91.69    2.27
 1.49  114.12    2.11
 1.39   99.50    2.34
 1.50   99.07    2.31
 1.54  102.55    2.26
 1.59   99.29    2.25
 1.51  101.72    2.28
 1.65   94.91    2.28
 2.98  232.04    1.35
 3.32  199.25    0.91
 3.24  191.50    0.97
 3.26  197.90    0.95
 3.18  184.49    1.05
 3.18  178.03    0.77
 1.72  113.77    1.53
 1.73   99.25    2.19
 3.42  193.37    0.81
 3.57  177.39    0.62
 3.50  195.61    0.70
 3.49  178.61    0.68
 3.09  236.00    1.25
 2.94  236.33    1.40
-2.35  234.32    1.70
 2.96  255.68    1.51
 3.16  216.02    1.10
 3.40  191.69    0.81
 3.36  173.67    0.85
 3.36  188.53    0.85
 3.44  228.63    0.79
 3.26  166.88    0.96
 3.29  203.13    0.98
 3.32  218.07    0.97
 1.98  112.48    1.89
 3.54  174.72    0.73
 2.70  259.71    1.72
 3.43  188.77    0.83
 1.82   96.24    2.17
 3.57  186.63    0.65
 3.40  191.18    0.85
 3.40  211.28    0.87
 3.48  190.74    0.73
 3.47  199.15    0.81
 3.27  199.77    0.99
 3.42  174.97    0.81
 3.27  206.72    1.03
 2.75  248.71    1.55
-2.13  250.94    1.87
 3.58  206.91    0.60
 3.08  253.71    1.33
 2.98  249.06    1.46
 3.35  191.44    0.86
 2.70  233.42    1.49
 0.81  289.92    3.03
 3.37  188.49    0.86
 3.50  202.33    0.74
-1.40  254.34    2.31
-2.79  193.33    1.27
 1.78   76.29    2.57
 3.10  221.86    1.18
 3.21  218.06    1.06
 2.89  252.38    1.52
 2.00   96.69    2.15
 2.36  113.26    1.80
 3.10  229.88    1.17
 3.00  250.04    1.43
 2.27  112.27    1.78
 1.89  118.16    1.94
 3.22  222.07    1.09
 3.52  185.67    0.70
 3.51  189.47    0.73
 3.59  193.91    0.58
-3.55  138.08    0.66
 3.58  172.81    0.60
-2.78  135.84    1.37
 2.18   99.65    1.97
 3.43  173.19    0.82
 3.51  201.95    0.72
 3.55  186.82    0.59
 3.28  192.06    0.97
 3.46  190.82    0.71
 3.12  180.21    1.07
 1.57   97.90    2.29
 3.29  151.47    1.01
 2.71  259.93    1.71
 3.42  205.98    0.86
 1.63   89.90    2.39
 2.23  128.28    1.72
 1.82  101.83    2.12
 2.77  229.37    1.43
 3.59  184.20    0.58
 3.24  198.98    0.99
 3.33  201.40    0.93
 3.41  196.29    0.81
 3.25  221.55    1.06
 3.54  180.64    0.67
 3.48  202.45    0.74
 2.35  100.03    1.97
 1.30  102.21    2.26
 3.36  174.98    0.90
 2.65  224.34    1.24
 1.54  109.78    1.67
 2.83  246.83    1.54
 3.54  203.32    0.67
 3.48  203.59    0.71
 2.93  247.39    1.45
 2.26  121.04    1.73
-3.05   80.23    1.73
 3.27  169.32    0.98
 3.11  215.52    1.12
 3.20  177.20    1.00
 3.39  230.53    0.95
 3.10  229.66    1.23
 3.14  235.19    1.20
 3.58  190.13    0.59
 2.87  243.79    1.44
 2.84  251.82    1.55
 3.47  180.34    0.79
 3.13  237.26    1.20
 3.00  233.24    1.28
 2.95  202.90    1.24
 3.38  209.94    0.86
 3.47  176.94    0.79
 3.37  205.97    0.92
 3.42  177.98    0.80
 3.02  252.23    1.42
 2.88  242.61    1.40
 2.96  244.25    1.38
 1.58  107.41    2.15
 1.76  105.19    2.15
 1.32   92.38    2.43
 1.69  104.55    2.18
 1.88  106.29    2.04
 2.04  114.08    1.89
-2.25  258.21    1.94
 3.38  222.55    0.90
 3.30  148.84    0.96
 3.27  192.95    0.97
 3.14  199.05    1.08
 3.40  214.20    0.81
 3.40  176.62    0.84
 3.26  196.89    0.99
 3.03  171.37    1.20
 3.44  220.46    0.76
-1.91  271.65    2.28
 3.49  217.48    0.80
 3.30  163.38    0.65
 2.22  109.79    1.34
 1.97   94.52    2.15
 2.80  234.65    1.47
 3.55  177.86    0.65
 3.42  182.76    0.79
 3.38  203.12    0.89
 3.41  183.46    0.83
 3.27  211.75    0.97
 3.41  177.20    0.83
 3.24  187.43    1.02
-1.61  248.16    2.16
-2.52  230.39    1.56
 3.16  215.78    1.11
 3.05  244.38    1.32
 3.42  184.15    0.86
 0.76   78.10    2.94
 3.15  236.62    1.24
-1.79  253.42    2.12
 3.30  202.89    0.94
 3.39  184.23    0.85
 3.46  219.19    0.82
 3.45  164.37    0.79
 3.42  207.46    0.85
 3.13  244.12    1.27
 3.01  239.89    1.34
 2.72  246.30    1.57
 2.88  240.85    1.42
 2.27  114.51    1.79
 0.12  292.77    3.37
 1.67   98.87    2.26
-2.11  244.28    1.86
 3.21  245.54    1.20
 3.45  210.76    0.82
 3.53  185.69    0.72
 3.56  183.46    0.64
 3.30  206.42    0.92
 3.30  175.66    0.95
 3.32  172.28    0.87
 3.05  204.61    1.16
 3.25  187.23    0.97
 3.51  221.98    0.76
 3.08  230.32    1.23
 1.80  107.78    2.07
 1.28   93.38    2.49
 1.53  104.27    2.24
 1.70   97.93    2.22
 2.02  104.87    2.00
 1.81  106.83    2.10
 3.47  229.49    0.84
 0.14   64.06    3.51
 3.26  207.60    1.00
 3.33  177.16    0.92
 3.46  192.29    0.74
 3.19  196.46    1.07
 3.36  181.58    0.88
 3.40  197.91    0.86
 3.25  190.39    1.00
 3.54  194.36    0.70
 2.05  122.70    1.86
 2.32  114.35    1.75
 3.58  170.10    0.64
 1.56  104.48    2.21
 3.26  197.59    0.99
 2.74  268.59    1.85
 3.12  200.98    1.12
 3.39  180.01    0.77
 3.27  198.43    0.96
 3.55  204.44    0.62
 3.51  171.22    0.71
 3.24  204.07    1.02
 2.04  112.67    1.94
 2.89  239.98    1.42
 3.49  167.99    0.73
 3.15  178.04    1.08
 3.16  193.08    1.05
 3.21  234.29    1.11
 2.93  260.07    1.57
 3.04  272.77    1.61
 2.91  255.07    1.53
 3.48  186.46    0.75
 3.28  180.29    0.96
 3.59  202.04    0.64
 3.16  240.58    1.23
 2.80  244.49    1.50
-2.48  234.74    1.60
 2.88  265.29    1.63
 3.35  221.99    0.90
 3.53  172.47    0.68
 3.34  187.17    0.89
 3.48  204.65    0.77
 3.56  219.98    0.62
 3.22  150.72    0.98
 3.20  210.30    1.07
 3.30  216.81    0.96
 3.48  187.88    0.75
-2.15  252.24    1.97
 3.62  193.65    0.62
 3.07  197.78    1.13
 1.96  110.03    2.00
 2.31  114.71    1.80
 1.90   99.15    2.16
 3.50  197.99    0.66
 3.12  233.99    1.23
 3.33  206.04    0.96
 3.49  212.48    0.76
 3.38  187.88    0.88
 3.45  191.20    0.78
 3.34  208.50    0.91
 3.23  160.16    1.02
 3.05  218.78    1.19
 2.19  243.90    1.85
-1.74  270.91    2.37
 3.48  234.64    0.84
 2.97  251.59    1.47
 3.11  225.73    1.12
 3.34  180.21    0.88
 3.00  222.12    1.24
 0.83   77.83    2.84
-3.62  174.08    0.55
 3.53  200.71    0.66
 3.39  180.85    0.82
 2.99  184.74    1.18
 2.12  114.75    1.86
 1.51   91.12    2.42
 1.68   86.77    2.49
-2.16  239.95    1.82
 2.92  245.25    1.43
 3.53  196.67    0.71
 3.41  178.25    0.83
 3.48  201.05    0.67
 2.88  233.43    1.38
 1.85  111.10    2.03
 1.84  112.99    2.02
 2.22  101.49    2.00
 1.69   99.17    2.23
 1.66   98.56    2.34
 2.00   83.59    2.37
 3.45  205.15    0.73
 3.31  180.89    0.94
 3.26  208.60    0.99
 3.52  202.78    0.72
 3.50  187.06    0.69
 3.09  167.32    1.13
 1.78   99.24    2.23
 1.74   98.02    2.20
 2.15  114.44    1.90
-1.69  254.42    2.19
 3.41  194.58    0.80
 3.33  209.52    0.94
 3.44  200.44    0.74
 3.31  172.01    0.89
 3.27  200.04    0.96
 3.31  202.18    0.98
 3.49  217.96    0.76
-1.74  262.89    2.15
 2.85  246.65    1.40
 3.41  220.25    0.87
 1.87  101.62    2.10
 2.12  123.18    1.79
 1.69  100.56    2.20
 2.80  228.23    1.41
 3.63  191.03    0.55
 3.18  207.54    1.05
 3.38  190.82    0.88
 3.43  205.30    0.82
 3.11  200.30    1.14
 3.49  189.98    0.74
 3.36  221.42    0.94
-3.63  120.16    0.68
 1.53   93.35    2.35
 1.15  287.59    3.03
 3.38  202.13    0.92
 3.01  184.72    1.18
 2.15   91.60    2.04
 3.44  172.26    0.80
 3.46  199.60    0.73
 2.84  255.09    1.56
 2.05  114.35    1.86
-3.10   89.72    1.52
 3.41  174.53    0.83
 3.24  214.36    0.98
 3.25  193.89    0.95
 3.24  186.48    0.98
 3.20  185.66    1.04
 3.59  174.78    0.54
 1.46  102.11    2.31
 2.80  266.40    1.69
 3.35  219.04    0.95
 2.69  240.25    1.54
 3.43  179.36    0.82
 3.03  242.31    1.33
 3.21  240.87    1.16
 3.05  206.59    1.17
 3.27  186.77    0.95
 3.37  197.75    0.86
 3.06  244.60    1.33
 3.18  166.01    1.06
 3.37  213.37    0.88
 1.43   88.06    2.48
 3.16  228.34    1.16
 3.45  189.21    0.80
 3.38  196.03    0.86
 3.43  223.00    0.90
 3.65  192.79    0.52
 3.31  174.27    0.92
 3.08  202.87    1.13
 3.13  169.36    1.08
 3.56  207.06    0.63
-1.58  270.18    2.36
 3.42  215.85    0.84
 3.22  160.30    0.71
 1.98   93.55    1.49
 2.63  245.46    1.28
 1.68   87.37    1.71
 3.37  206.09    0.90
 3.30  186.84    0.94
 3.30  186.46    0.91
 3.43  207.68    0.79
 3.34  186.78    0.90
-1.49  253.11    2.24
-2.06  248.03    1.89
-2.27  246.44    1.83
 2.00  110.07    1.94
 3.04  167.17    1.17
 1.29   76.15    2.81
 3.08  227.02    1.24
-1.83  261.46    2.13
 3.39  198.02    0.84
 3.30  175.81    0.92
 3.12  184.63    1.07
 3.14  243.73    1.25
 2.92  249.73    1.47
 3.00  247.23    1.40
 3.46  194.93    0.79
 3.16  216.43    1.06
 3.15  161.74    1.04
-1.55  261.48    2.30
-2.37  241.85    1.71
 3.45  204.81    0.80
 3.28  227.26    0.98
 3.46  176.84    0.76
 3.55  192.96    0.65
 3.49  196.85    0.72
 3.40  187.55    0.82
 3.36  200.90    0.87
 3.32  180.15    0.88
 3.32  197.06    0.93
 3.57  200.18    0.67
 2.92  238.48    1.43
 1.97  107.99    1.97
 1.62  114.00    2.12
 1.86   97.85    2.15
 3.15  181.69    0.75
 1.54  196.65    1.30
 1.63  109.74    2.15
 3.37  206.55    0.89
 2.97  236.37    1.30
 3.29  181.55    0.95
 3.40  181.30    0.81
 3.15  209.88    1.11
 3.19  194.03    1.01
 3.30  197.54    0.89
 3.41  192.93    0.85
 3.05  150.74    1.18
 1.98  101.79    2.11
 1.88  106.40    2.06
 2.06  104.38    2.06
-1.58  255.55    2.22
 3.26  208.44    0.96
 3.26  165.01    0.99
 3.47  192.41    0.77
 3.32  184.10    0.93
 3.32  180.38    0.91
 3.08  226.22    1.22
 3.03  205.10    1.19
 3.37  204.96    0.92
 2.90  246.60    1.46
 2.83  242.60    1.50
 2.94  231.21    1.33
 3.29  203.33    0.97
 3.26  192.92    0.98
 3.26  196.14    0.97
 3.12  183.78    1.08
 3.14  179.98    0.79
 1.70  112.92    1.56
 1.69  102.18    2.17
 3.47  191.02    0.77
 3.59  179.54    0.63
 3.49  195.95    0.74
 3.48  177.74    0.71
 3.04  239.67    1.30
 2.93  236.41    1.38
-2.39  234.31    1.69
 2.94  256.24    1.50
 3.16  212.70    1.10
 3.36  197.87    0.84
 3.34  172.17    0.84
 3.38  189.77    0.86
 3.46  229.31    0.77
 3.25  164.67    0.93
 3.28  205.17    1.00
 3.35  215.60    0.96
 2.01  113.13    1.90
 3.51  175.67    0.74
 2.67  265.35    1.78
 3.45  182.59    0.81
 1.86   92.88    2.22
 3.56  183.86    0.68
 3.39  191.36    0.85
 3.40  210.10    0.85
 3.49  188.19    0.73
 3.42  201.88    0.83
 3.25  199.63    1.00
 3.38  175.11    0.84
 3.22  206.01    1.06
 2.74  242.98    1.52
-2.09  252.40    1.92
 3.59  205.87    0.60
 3.03  254.41    1.35
 2.96  249.38    1.46
 3.37  192.37    0.88
 2.70  232.69    1.48
 0.71  290.23    3.08
 3.37  187.42    0.86
 3.50  200.05    0.73
-1.40  254.77    2.30
-2.78  194.84    1.27
 1.81   77.26    2.49
 3.12  220.81    1.15
 3.25  215.30    1.04
 2.89  253.81    1.55
 2.01   98.70    2.08
 2.00  103.59    2.17
 2.97  246.17    1.37
 3.03  249.32    1.40
 2.26  110.48    1.77
 1.97  118.14    1.89
 3.20  222.21    1.11
 3.54  187.24    0.68
 3.52  188.60    0.71
 3.59  195.81    0.57
-3.55  136.01    0.65
 3.59  171.47    0.59
-2.79  137.12    1.36
 2.16   98.50    2.00
 3.41  170.47    0.84
 3.51  203.70    0.72
 3.57  184.83    0.58
 3.29  194.59    0.98
 3.45  193.33    0.70
 3.14  179.43    1.06
 1.59   97.69    2.27
 3.31  153.37    0.98
 2.80  256.21    1.65
 3.43  208.39    0.82
 1.60   89.86    2.35
 2.24  127.30    1.72
 1.81  102.77    2.10
 2.80  227.40    1.40
 3.59  187.24    0.57
 3.23  197.97    1.01
 3.32  199.52    0.94
 3.41  196.36    0.82
 3.22  221.32    1.07
 3.52  182.20    0.66
 3.49  202.23    0.72
 2.25   99.91    2.00
 1.39  103.93    2.21
 3.40  175.76    0.83
 2.73  227.63    1.23
 1.43  110.50    1.72
 2.79  250.15    1.56
 3.55  198.58    0.67
 3.48  207.00    0.72
 2.92  244.20    1.44
 2.33  122.46    1.68
-3.04   77.56    1.77
 3.26  168.70    0.99
 3.08  213.06    1.13
 3.18  180.31    0.98
 3.36  227.98    0.95
 3.09  229.89    1.20
 3.11  230.13    1.20
 3.59  191.43    0.61
 2.88  242.12    1.46
 2.84  250.45    1.54
 3.46  180.57    0.77
 3.12  233.87    1.20
 2.94  237.57    1.32
 2.95  202.69    1.25
 3.39  209.71    0.86
 3.45  180.50    0.79
 3.37  202.02    0.92
 3.42  184.84    0.83
 3.22  234.20    1.15
 2.75  250.73    1.62
 2.99  245.06    1.38
 1.66  104.76    2.18
 1.73  105.12    2.15
 1.29   92.18    2.44
 1.71  103.29    2.19
 1.82  105.84    2.06
 2.02  113.27    1.91
-2.21  258.81    1.99
 3.39  222.21    0.93
 3.32  148.53    0.96
 3.26  195.23    0.95
 3.16  197.57    1.08
 3.40  209.19    0.83
 3.39  179.76    0.86
 3.25  197.37    0.99
 3.00  173.69    1.20
 3.45  218.24    0.73
-1.85  270.45    2.28
 3.48  218.05    0.80
 3.28  162.81    0.67
 2.28  109.31    1.30
 1.94   92.97    2.14
 2.75  236.12    1.49
 3.55  180.15    0.67
 3.43  178.10    0.82
 3.41  207.81    0.87
 3.44  181.18    0.82
 3.29  209.99    0.98
 3.41  177.85    0.83
 3.19  192.33    1.04
-1.70  251.40    2.14
-2.44  235.22    1.65
 3.33  205.16    0.97
 3.08  246.85    1.31
 3.37  184.65    0.90
 2.57  113.19    1.65
 3.44  182.53    0.82
-1.59  253.85    2.21
 3.26  200.58    1.00
 3.41  186.05    0.83
 3.49  218.08    0.78
 3.44  163.05    0.81
 3.37  207.08    0.88
 3.12  242.46    1.24
 2.98  242.59    1.36
 2.68  245.21    1.58
 2.92  243.01    1.43
 2.05   99.53    2.08
 1.15   74.41    2.94
 1.73   92.66    2.33
-2.12  245.43    1.87
 3.22  245.34    1.17
 3.43  211.57    0.84
 3.53  187.45    0.71
 3.55  180.19    0.65
 3.30  207.28    0.92
 3.28  175.10    0.96
 3.29  173.82    0.88
 3.05  204.69    1.16
 3.25  187.19    0.97
 3.52  221.82    0.74
 3.09  228.59    1.24
 1.82  109.54    2.05
 1.27   92.75    2.51
 1.62  104.52    2.21
 1.66   96.66    2.27
 2.04  107.07    1.97
 1.83  106.26    2.10
 3.51  222.56    0.83
 0.62   68.53    3.28
 3.32  206.90    0.95
 3.33  178.01    0.92
 3.47  193.16    0.74
 3.23  196.77    1.05
 3.38  181.63    0.87
 3.41  197.79    0.85
 3.24  187.51    1.00
 3.43  197.46    0.81
 2.12  114.98    1.86
 1.76  103.30    2.15
 3.44  190.07    0.78
 1.52  101.33    2.25
 3.21  206.76    1.03
 2.71  269.55    1.87
 3.15  201.82    1.11
 3.40  179.66    0.78
 3.29  199.70    0.95
 3.56  203.40    0.62
 3.51  170.68    0.72
 3.27  203.02    1.00
 1.86  110.11    2.03
 2.91  241.67    1.39
 3.50  175.70    0.70
 3.14  177.98    1.06
 3.19  188.12    1.02
 3.25  235.35    1.11
 2.94  258.85    1.53
 3.13  270.32    1.55
 2.79  255.58    1.61
 3.41  192.32    0.79
 3.29  181.63    0.94
 3.57  198.07    0.65
 3.15  239.35    1.21
 2.79  245.85    1.53
-2.51  233.68    1.59
 2.92  262.88    1.62
 3.39  222.51    0.90
 3.53  176.74    0.64
 3.32  189.58    0.86
 3.46  201.25    0.78
 3.56  217.89    0.63
 3.26  152.61    0.94
 3.21  214.51    1.03
 3.35  213.22    0.92
 3.51  185.01    0.73
-2.08  252.03    2.02
 3.61  194.10    0.62
 3.05  198.95    1.10
 1.94  109.77    1.99
 2.29  114.31    1.82
 1.89   98.76    2.20
 3.53  200.09    0.66
 3.13  234.80    1.23
 3.33  205.78    0.94
 3.52  211.40    0.75
 3.37  187.42    0.87
 3.43  190.03    0.78
 3.31  211.56    0.94
 3.23  157.45    1.02
 3.07  220.44    1.20
 2.16  244.57    1.89
-1.95  266.79    2.18
 3.48  237.97    0.87
 2.79  256.83    1.60
 3.13  224.25    1.15
 3.30  178.68    0.89
 2.96  222.93    1.26
 0.76   77.10    2.88
-3.62  174.42    0.55
 3.50  202.19    0.69
 3.39  179.75    0.83
 3.00  186.90    1.19
 2.11  112.08    1.90
 1.42   91.28    2.45
 1.78   88.01    2.42
-2.17  238.54    1.79
 2.94  244.49    1.43
 3.51  193.69    0.72
 3.41  178.80    0.83
 3.45  205.65    0.66
 2.85  232.02    1.37
 1.89  112.02    2.00
 1.90  113.81    1.97
 2.12   99.63    2.07
 1.71   95.73    2.26
 1.67  100.33    2.28
 1.97   87.05    2.29
 3.46  204.63    0.71
 3.30  182.81    0.91
 3.27  207.70    0.97
 3.53  202.93    0.71
 3.55  187.05    0.68
 3.09  166.26    1.16
 1.77  100.45    2.22
 1.76   96.50    2.22
 2.13  114.44    1.89
-1.67  254.37    2.16
 3.42  195.85    0.82
 3.34  210.37    0.94
 3.44  200.80    0.73
 3.32  173.41    0.89
 3.31  197.73    0.94
 3.33  203.76    0.96
 3.51  218.63    0.76
-1.63  264.39    2.27
 3.02  246.24    1.30
 3.42  218.89    0.88
 1.85  107.54    2.04
 2.04  121.21    1.89
 1.71   97.37    2.22
 2.73  231.41    1.48
 3.62  187.13    0.56
 3.19  205.72    1.07
 3.35  190.95    0.90
 3.45  206.13    0.80
 3.14  199.63    1.12
 3.48  188.27    0.73
 3.35  223.25    0.94
-3.62  118.68    0.68
 1.54   92.91    2.37
 1.18  285.16    3.00
 3.38  204.23    0.92
 2.95  181.34    1.23
 2.10   89.28    2.15
 3.43  175.78    0.82
 3.44  204.98    0.75
 2.84  251.54    1.55
 2.05  114.88    1.88
-3.22   92.22    1.36
 3.39  171.76    0.84
 3.22  213.31    1.02
 3.23  197.80    0.99
 3.27  185.69    0.97
 3.16  184.92    1.07
 3.63  181.85    0.51
 1.60   99.71    2.31
 2.87  263.06    1.62
 3.36  221.19    0.98
 2.72  236.50    1.53
 3.43  182.91    0.80
 3.09  238.48    1.28
 3.17  245.05    1.21
 3.08  202.37    1.16
 3.28  189.78    0.96
 3.40  196.84    0.86
 3.08  245.72    1.35
 3.20  167.17    1.05
 3.39  209.34    0.86
 1.65   98.90    2.23
 3.48  214.00    0.82
 3.45  192.69    0.81
 3.36  189.61    0.90
 3.45  223.82    0.89
 3.66  194.49    0.51
 3.31  175.38    0.94
 3.09  203.42    1.14
 3.13  166.69    1.09
 3.52  212.21    0.63
-1.58  270.62    2.40
 3.41  215.80    0.82
 3.25  160.48    0.68
 1.94   92.34    1.57
 2.65  249.65    1.31
 1.84   87.54    1.62
 3.40  198.88    0.86
 3.37  186.37    0.87
 3.35  184.05    0.85
 3.45  213.79    0.82
 3.41  186.16    0.83
-1.52  249.82    2.18
-1.95  251.20    2.01
-2.36  245.84    1.76
 1.80  107.38    2.08
 3.06  178.33    1.13
 0.99   80.35    2.81
 3.07  226.91    1.22
-1.87  262.68    2.10
 3.39  195.12    0.86
 3.31  181.13    0.90
 3.11  184.32    1.06
 3.11  241.31    1.26
 2.88  251.49    1.49
 3.01  247.16    1.36
 3.43  194.27    0.81
 3.04  221.24    1.17
 3.12  163.58    1.07
-1.57  264.12    2.33
-2.24  240.81    1.73
 3.49  201.98    0.79
 3.28  226.61    1.00
 3.43  178.15    0.76
 3.53  191.62    0.65
 3.48  198.53    0.75
 3.45  188.68    0.83
 3.37  203.90    0.85
 3.36  174.75    0.87
 3.32  198.34    0.93
 3.57  198.41    0.67
 2.91  239.02    1.44
 2.07  110.05    1.92
 1.53  112.32    2.16
 1.88   97.61    2.18
 3.14  181.56    0.76
 1.58  196.27    1.27
 1.67  108.19    2.14
 3.36  205.72    0.88
 3.00  242.57    1.31
 3.33  174.94    0.95
 3.44  182.77    0.79
 3.20  215.09    1.09
 3.19  183.31    1.05
 3.29  205.58    0.96
 3.39  190.10    0.86
 3.02  152.84    1.22
 1.95  101.94    2.10
 1.85  106.49    2.08
 2.11  103.79    2.01
-1.71  255.19    2.12
 3.24  210.07    1.00
 3.26  161.51    1.00
 3.47  197.70    0.73
 3.31  192.90    0.94
 3.35  178.21    0.89
 3.09  225.42    1.19
 3.04  202.36    1.16
 3.34  202.92    0.91
 2.89  241.75    1.44
